time,x,y,z,phi,theta,psi,x_velocity,y_velocity,z_velocity,phi_velocity,theta_velocity,psi_velocity,rotor_speed1,rotor_speed2,rotor_speed3,rotor_speed4
0.06,7.32718849099e-08,-8.05819678382e-08,10.0034850176,6.28290027821,6.28306469092,0.0,8.38590762766e-06,-1.51884344831e-05,0.116161743188,-0.0165285193145,-0.00636917550152,0.0,442.05982356904065,441.5348153998013,442.87883383643396,441.5175967438059
0.12000000000000001,5.04029401857e-06,-1.23971029591e-05,10.0174626781,6.28145225219,6.28289771939,0.0,0.000189612251559,-0.000534387705783,0.349717316529,-0.0471608946298,0.00356743617999,0.0,477.97998678086924,478.7365763273982,477.6705709894514,475.32906625954365
0.18,2.19659775608e-05,-9.46725558922e-05,10.0429942083,6.27845727693,6.2830539514,0.0,0.000354183314319,-0.00252659558595,0.501277964246,-0.056089150287,0.000603374942648,0.0,453.8243868443391,453.5863967357265,452.88737146262895,452.167254758804
0.23999999999999996,4.55157908321e-05,-0.000352418380939,10.0753300831,6.2754822146,9.95913968396e-05,0.0,0.00041699836236,-0.00637412555321,0.576547283014,-0.0390097817274,0.00965777288956,0.0,428.8763303521813,429.64450103253455,428.5391276265326,429.9865131721748
0.3,6.57070938571e-05,-0.000929034548639,10.11611632,6.2729755386,0.000454446424362,0.0,0.000199514508666,-0.013130037546,0.782872682093,-0.0479836559906,-0.00288399113309,0.0,471.8612276570465,470.89209139720526,468.582950401635,467.8840597653455
0.36000000000000004,6.96736929364e-05,-0.00192188891562,10.1645793481,6.2706644965,7.83929451913e-05,0.0,-4.23078131278e-05,-0.0202056703118,0.832523700055,-0.0242737149814,-0.01407938894,0.0,421.624504122312,420.6563738256981,420.3846500050943,422.4329068995157
0.4200000000000001,6.85455279268e-05,-0.00338872406419,10.216779248,6.26935992739,6.28257622655,0.0,7.95545676456e-05,-0.0288234001014,0.907414244804,-0.0171092705925,-0.0066721891617,0.0,428.8883263530836,429.5170130847652,429.6891080031849,430.2959283273431
0.48000000000000015,8.70723816128e-05,-0.00539889958242,10.2736088931,6.26786035952,6.28185643746,0.0,0.000590419403696,-0.0382979157207,0.986839846395,-0.0494987477512,-0.0256442450819,0.0,432.2197756153396,430.61815694261986,432.334547915247,429.5968985909024
0.5400000000000001,0.00015716840448,-0.00803758954742,10.336676695,6.26548091388,6.27989956091,0.0,0.00192514340172,-0.0499353893101,1.11529826171,-0.0249864147818,-0.0526119093619,0.0,447.94359344636365,445.7448959842698,445.87770904429783,447.8746263542964
0.6000000000000002,0.000360316486554,-0.0114395241347,10.4085544587,6.26465655928,6.27658343036,0.0,0.00520648802587,-0.0635821512063,1.28045254784,0.00247145485916,-0.0611942202046,0.0,458.9135898435138,458.2299499911731,457.12173594063586,459.3043624685132
0.6600000000000003,0.000820480294509,-0.0156297905795,10.4880030499,6.26476595823,6.27263397968,0.0,0.010510983224,-0.076078734573,1.36773012727,0.000494365056555,-0.0772185526034,0.0,434.8556631753224,433.50796193914186,434.96969892579835,434.8040732326684
0.7200000000000003,0.00164081479559,-0.0205007442724,10.5690285572,6.26470008347,6.26797651261,0.0,0.0172153267192,-0.0862886099053,1.33315641005,-0.00448972364344,-0.078448353476,0.0,393.4419831516118,393.32246576890066,394.6088337885833,394.1485425704077
0.7800000000000004,0.00308126144006,-0.0261477593177,10.6566970789,6.26456022807,6.26326358123,0.0,0.0313833676963,-0.101964574091,1.58879708376,0.00167073275688,-0.0787505020024,0.0,485.6352394762265,485.60822297247523,485.2902021690392,485.75239777454107
0.8400000000000004,0.00548824853006,-0.0327350294135,10.759580241,6.26467720415,6.25891286517,0.0,0.0494036137549,-0.117590789485,1.8402588234,0.0025016305701,-0.0622968959027,0.0,484.0488673536305,485.2816858306071,485.43656324272024,485.4988620512666
0.9000000000000005,0.00906337154636,-0.0402428895766,10.8767965768,6.2647546015,6.25505083097,0.0,0.0702157564946,-0.132650451175,2.06655857751,-0.00125095923034,-0.0688653689749,0.0,479.33936057101084,478.8372470031583,478.23868170668055,477.95276050258724
0.9600000000000005,0.0138799347678,-0.04858792989,11.0040331658,6.26439501342,6.25145048029,0.0,0.0907250606039,-0.145534125127,2.1744482871,-0.017744933595,-0.0464723259624,0.0,442.9444243468297,444.7793373210806,444.15578724308136,442.80114550163086
1.0200000000000005,0.0201022436214,-0.0577799733111,11.1410366514,6.26318504459,6.24971257137,0.0,0.116925828228,-0.160994472858,2.39189213396,-0.0255107004878,-0.00696376437729,0.0,475.93852680213536,478.9522148597803,477.375260985606,476.7823937247274
1.0800000000000005,0.0279194810307,-0.0679236521087,11.2907798603,6.26236543595,6.24942990926,0.0,0.143674183108,-0.177249828191,2.5990936081,0.00318032222117,-0.000548326494137,0.0,474.75598486967147,475.2480371983173,474.2309451083458,476.42964022429084
1.1400000000000006,0.0372813794046,-0.079014961684,11.4510186978,6.26199473023,6.24933685936,0.0,0.168384048644,-0.192445786056,2.7418667186,-0.0416243756487,-0.0036354263358,0.0,457.41869837229143,457.1728276405007,458.14310505838415,454.5667853174971
1.2000000000000006,0.0481567699694,-0.0910557647786,11.6206537575,6.25953373664,6.24889955995,0.0,0.194149461451,-0.209184025533,2.91220563878,-0.0398281381219,-0.0158344807478,0.0,465.6230705880041,464.667848398877,466.51673118506056,466.65616458304453
1.2600000000000007,0.0605739167411,-0.104145033404,11.8000251147,6.25696971773,6.24825324556,0.0,0.219826849565,-0.227387062879,3.06642431682,-0.0492887084493,-0.00219671108481,0.0,461.1051774095198,462.1814040310346,462.5506419954811,461.80405274753883
1.3200000000000007,0.07446905027,-0.118329017077,11.9865456377,6.2545674721,6.24844618016,0.0,0.243330332893,-0.245669159575,3.15068609473,-0.0260424198088,0.0122915314645,0.0,440.072036651191,441.2696455528992,440.6852849819518,442.60169603023627
1.3800000000000008,0.0898269592012,-0.133704029183,12.1798468021,6.25279602852,6.24936236812,0.0,0.268494684057,-0.266999475373,3.2922818764,-0.0375989680009,0.0206446609657,0.0,459.18895279054647,459.85102090136513,459.8140230362863,458.89731850442354
1.4400000000000008,0.106589232166,-0.150324212061,12.3791686292,6.25066365319,6.25017098413,0.0,0.290135675939,-0.287212296933,3.35159905059,-0.031710653914,-0.00742356410175,0.0,435.90015700009695,433.54810247919943,434.2065899237234,434.6997201602848
1.5000000000000009,0.124664821637,-0.168222636314,12.5828121619,6.24888226376,6.25019030593,0.0,0.312392040939,-0.309577722301,3.43625532882,-0.02592753332,0.0125046175091,0.0,442.3454902002037,443.983594111032,442.6948238631675,443.17016283636235
1.560000000000001,0.14402725741,-0.187451831052,12.7902007039,6.24737408486,6.25051950808,0.0,0.332960477066,-0.331534953493,3.47656593038,-0.0235992590104,-0.0147317831251,0.0,429.95662783517827,427.6427416344964,429.9162963432024,430.11340607787884
1.620000000000001,0.164513171228,-0.207906359004,12.9966698513,6.24568285448,6.24987319024,0.0,0.349966699887,-0.350409133427,3.40594164869,-0.0394566589555,-0.00384085813426,0.0,391.60464220317346,392.6165673223897,392.54937801919345,391.0746267275921
1.680000000000001,0.186084149342,-0.229587000379,13.2005964033,6.24308655995,6.24929637981,0.0,0.36909659369,-0.372491530709,3.39163733919,-0.0522662035449,-0.0248298287906,0.0,411.8632740720551,410.00270013336825,411.83160657853915,410.6957110210722
1.740000000000001,0.209077891076,-0.252950450709,13.4113046978,6.24032212968,6.2478354178,0.0,0.397515537331,-0.406619933283,3.63120921392,-0.035919386801,-0.023405461244,0.0,489.78536578156576,489.8912702913494,489.2157532854238,490.43033984582314
1.8000000000000012,0.23356466062,-0.278125755637,13.6294327671,6.23811661544,6.24633481625,0.0,0.418835533804,-0.432749735602,3.63967719433,-0.0384916691499,-0.0284290064165,0.0,419.94626523612004,419.5101146098526,421.22373199604016,421.0005066261316
1.8600000000000012,0.259350956531,-0.304900383213,13.8478714111,6.23562092706,6.24434465575,0.0,0.440865161411,-0.459948234978,3.6415787805,-0.0486609395127,-0.0449116502212,0.0,418.8116904414725,417.3749564904314,419.037530577373,418.1514538317552
1.9200000000000013,0.286452249431,-0.333297852804,14.0652821461,6.23338918228,6.24173742924,0.0,0.462730914015,-0.486846455377,3.60553038613,-0.0207582544246,-0.040687561776,0.0,404.6052900959778,404.9841757709848,405.0250558086913,407.5259991538538
1.9800000000000013,0.314970455048,-0.363417191148,14.2820224625,6.23182266447,6.23890482842,0.0,0.488102714732,-0.517254029486,3.619075493,-0.0398425308561,-0.06529549236,0.0,422.75717097574926,420.6296799098159,423.3459160160751,421.7002635673316
2.0400000000000014,0.345158774618,-0.395499746079,14.5016188076,6.22936871814,6.23446345768,0.0,0.518563490007,-0.552392226185,3.70049268182,-0.0431000954014,-0.10384755777,0.0,446.869944189738,443.71106843711897,443.2658862944774,442.9972048118596
2.1000000000000014,0.377137166776,-0.429593369054,14.7233790568,6.22694737278,6.22834078237,0.0,0.547913554893,-0.584278734387,3.6914859122,-0.0353668413679,-0.0986652887262,0.0,415.3600456244823,415.80447931190804,414.9833309950508,415.6606613434795
2.1600000000000015,0.410890914303,-0.465549296198,14.9429671188,6.22448479737,6.2224983541,0.0,0.577678782758,-0.614440754601,3.62826429577,-0.0559069016049,-0.0949102946289,0.0,396.1467333117825,396.48251132851925,398.2651713721934,396.3806518574629
2.2200000000000015,0.44682295373,-0.503646577379,15.1636198717,6.22128881347,6.21697281543,0.0,0.620603333234,-0.655782331456,3.7264265935,-0.0484505962395,-0.0869837776721,0.0,449.2441143906736,449.879340486847,450.0126111346555,450.6139567223505
2.2800000000000016,0.485501762963,-0.544344045566,15.3910304596,6.21832137355,6.2114673185,0.0,0.669223659311,-0.701084646875,3.85341336788,-0.051550149425,-0.103600046161,0.0,460.68108083496236,459.3583212554565,459.4332830646467,459.18601068664987
2.3400000000000016,0.527332223516,-0.587924657192,15.6275857883,6.21568146038,6.205058926,0.0,0.725790897259,-0.751882645051,4.03103578776,-0.0320636644632,-0.114139108247,0.0,476.1582417791743,475.34199935069,475.35230887113653,476.84227518384677
2.4000000000000017,0.572281581275,-0.634247819213,15.8694572426,6.21385495936,6.19846464551,0.0,0.773101674494,-0.792386793889,4.03125023455,-0.0273810161461,-0.102560003987,0.0,420.80878042939236,421.7985364450995,422.3656186148023,422.76895732964886
2.4600000000000017,0.620490884149,-0.683281652883,16.1148916778,6.21233294065,6.19194940273,0.0,0.834490475349,-0.842210052781,4.14935779081,-0.0216163372553,-0.124722013151,0.0,460.66955684658495,458.9033523456325,459.49031515382524,459.94703266860336
2.520000000000002,0.672629592959,-0.735415065825,16.3685042434,6.21130622717,6.18422788553,0.0,0.904240623779,-0.895654750356,4.3036777574,-0.00935609110599,-0.138117806792,0.0,471.1429631560113,470.09174937271723,472.5497354835682,473.4940360113874
2.580000000000002,0.72923112267,-0.790849737687,16.6323801838,6.21047791127,6.17640439963,0.0,0.983316941565,-0.952190947749,4.49129659534,-0.0246533685908,-0.118244233614,0.0,481.87661772061176,483.36233837262364,484.1525081802579,483.0002119105777
2.640000000000002,0.79047666897,-0.849513609892,16.9049382648,6.20872083407,6.16914781745,0.0,1.05887858475,-1.00340314774,4.59340319568,-0.0406878184815,-0.126969304605,0.0,459.67337438167476,458.9686116426369,459.9175283705688,458.64538540601745
2.700000000000002,0.856149108274,-0.91112389886,17.1813802719,6.20641736696,6.16125547313,0.0,1.13088272734,-1.05047824128,4.6210459715,-0.0341545121965,-0.142739737138,0.0,438.27635260145314,436.94706130990835,436.23525008665985,436.7797714112349
2.760000000000002,0.926342359446,-0.975633160538,17.4598799684,6.20421891775,6.15239108368,0.0,1.20966674716,-1.10001084713,4.66190884299,-0.0421441356167,-0.160293312686,0.0,442.3134512011539,440.84432249937777,442.651710263133,441.9930159183692
2.820000000000002,1.0016280376,-1.0432740452,17.7422647775,6.20151668305,6.14252837215,0.0,1.30076372544,-1.1549090726,4.75029450608,-0.051560414214,-0.174132227085,0.0,459.1674388056199,458.04303905856784,457.2370829418346,456.48507074293116
2.880000000000002,1.08281054255,-1.11439631239,18.0315056563,6.19837400572,6.132098043,0.0,1.40633754853,-1.21610664865,4.89015318117,-0.0540646843497,-0.17325920069,0.0,474.32197978019315,474.3620594092882,475.19887177564794,475.00525348657766
2.940000000000002,1.16991497821,-1.18890536083,18.3249664203,6.19483944959,6.12178326398,0.0,1.49802276039,-1.26781037563,4.89157674675,-0.0709770399117,-0.169351553925,0.0,432.9450727904478,433.2445496413523,434.2059710814403,432.78195896544264
3.000000000000002,1.26327271443,-1.26689059848,18.621934236,6.19092859016,6.11129427073,0.0,1.61485704577,-1.33205662033,5.0064704215,-0.0555716402483,-0.188917622374,0.0,470.77414783631315,469.2295254956832,468.94896359191483,470.141283842766
3.0600000000000023,1.36291021714,-1.34830486165,18.9203396055,6.18777217196,6.09978516723,0.0,1.70729588155,-1.38201624565,4.94034616755,-0.0472559943261,-0.198351340858,0.0,413.759011070029,412.88845430712684,412.55547649789327,413.28713748631844
3.1200000000000023,1.46989755003,-1.43359123004,19.2233465177,6.1843364147,6.08759684535,0.0,1.86015076872,-1.46107515698,5.15838107042,-0.107332723129,-0.215005772753,0.0,503.5569796711527,502.31505368893477,503.5865048303901,499.21831929658424
3.1800000000000024,1.58516540337,-1.52312722951,19.5334697032,6.17771789808,6.07485741104,0.0,1.98319495039,-1.52400044288,5.17844995233,-0.117039847044,-0.207445561228,0.0,444.67181491664684,445.2463763025215,446.0499027021964,445.24552843230936
3.2400000000000024,1.70788846675,-1.61648021949,19.8440069003,6.17080568447,6.06217027923,0.0,2.1086005369,-1.58832952809,5.1722804051,-0.111766048622,-0.220974520629,0.0,437.65221509632005,436.47931153870644,438.91416487437976,439.33967388503163
3.3000000000000025,1.83865181294,-1.7139569021,20.1554022751,6.16406730126,6.04975738327,0.0,2.25124101939,-1.6614454949,5.20678633246,-0.113408552902,-0.187868456181,0.0,450.63760297765754,453.26371342985254,453.0723235313436,452.92928525792234
3.3600000000000025,1.97797115403,-1.81583041674,20.4678674186,6.15738778552,6.03859712978,0.0,2.3936262024,-1.73487796563,5.2081170577,-0.107457388753,-0.182519754103,0.0,442.90928488270276,443.3153478610013,443.43120469830035,443.9088806244574
3.4200000000000026,2.12575976722,-1.92209036859,20.7793043967,6.15139960332,6.02826540808,0.0,2.53347094274,-1.80760189211,5.17270557803,-0.0877435715463,-0.156999003008,0.0,431.75785552495364,433.8761081296058,431.36137639323204,433.01414384594295
3.4800000000000026,2.28374442679,-2.03363765108,21.0947702179,6.14595897507,6.01884339969,0.0,2.7333917284,-1.91106548349,5.3412670033,-0.0973009463546,-0.157102413826,0.0,497.86842643211725,497.84040264065106,497.5867324255556,496.8804795582866
3.5400000000000027,2.45220762467,-2.15064352939,21.4140090302,6.13996152795,6.00949857969,0.0,2.88273302918,-1.9895855574,5.29961649579,-0.10587908777,-0.153168536207,0.0,434.89717414394624,435.203096004381,434.55743273735567,433.8286903588672
3.6000000000000028,2.63089010796,-2.27302765536,21.7346000466,6.13332159201,6.00113749307,0.0,3.07393044184,-2.09039749239,5.38556239398,-0.122542622073,-0.120588293417,0.0,476.11582306511775,478.58508382148403,476.9173686819057,475.6325415586754
3.660000000000003,2.82146355712,-2.40173356938,22.0611833063,6.12652724048,5.99381232253,0.0,3.27891135751,-2.20036366511,5.49917124247,-0.0991908974641,-0.125260795552,0.0,487.90001094534415,487.5389189641104,486.8712443467566,488.60509548523856
3.720000000000003,3.0250883854,-2.53749300842,22.3965245115,6.12133866131,5.98618836259,0.0,3.50893787043,-2.3253336041,5.67704707378,-0.0687720517028,-0.130941418098,0.0,510.8012195405269,510.38342282017913,507.5623413213817,509.7356139442236
3.780000000000003,3.24035959438,-2.67964166117,22.735025762,6.11728002432,5.97865707917,0.0,3.66727454195,-2.41327308586,5.6060476425,-0.0654792231324,-0.116443008661,0.0,434.342016392959,435.54171470885365,434.8001641674359,435.07247266991163
3.840000000000003,3.46553465038,-2.82729181451,23.0701708407,6.113344709,5.97197397501,0.0,3.83895732591,-2.5086949726,5.56499012506,-0.0658081136543,-0.102823218422,0.0,445.01915088064675,446.1218093043349,445.89647807153847,445.8664384246306
3.900000000000003,3.70153817551,-2.98096542594,23.404141397,6.10966080393,5.96556638653,0.0,4.02811729609,-2.61402451411,5.5666201569,-0.0537869118534,-0.116221185717,0.0,461.8775804758966,460.8097881019033,459.89982486113763,460.8486213124899
3.960000000000003,3.94787258574,-3.14044066932,23.7348318998,6.10640124102,5.95848182584,0.0,4.18347816511,-2.70210058553,5.4563324096,-0.0554262890173,-0.122066657862,0.0,424.439523136457,423.9241236540658,425.0240575692031,424.88137953915555
4.020000000000002,4.20589999146,-3.30644811058,24.0655263309,6.1030195606,5.95078827711,0.0,4.41768730034,-2.83162282752,5.56526962981,-0.058299468464,-0.144856091552,0.0,498.11783363987166,496.434607539698,495.907028177787,495.69408363774795
4.080000000000001,4.47783370675,-3.48014909123,24.4018563251,6.09922307479,5.94195168014,0.0,4.64714463868,-2.95857361652,5.64424537754,-0.0757606520172,-0.152612772383,0.0,490.771388707586,490.1770282694506,491.4232711518261,490.12433767898904
4.14,4.76081116023,-3.66006513676,24.7349104004,6.09460689452,5.93298528413,0.0,4.78605718682,-3.0390279889,5.45782733349,-0.0793964168853,-0.143755392672,0.0,403.4514537957048,404.22714536867875,404.046694266128,403.7133226399005
4.199999999999998,5.05342717874,-3.84549687226,25.0599936783,6.08973475311,5.92431449958,0.0,4.96827370793,-3.14238235197,5.37778510519,-0.0850811455049,-0.146071292171,0.0,442.5641065512334,442.35377164966417,441.0930717184931,440.6178199398552
4.259999999999997,5.35788272621,-4.03761972774,25.3822896995,6.08449943274,5.91585585847,0.0,5.18060165566,-3.26204658815,5.36440339825,-0.0919994391874,-0.132365519097,0.0,464.49680081262915,465.55302568816717,465.9601086825784,465.4128571441739
4.319999999999996,5.67353209949,-4.23616527234,25.6994926618,6.07913578133,5.90798510238,0.0,5.34150188753,-3.35657813328,5.20900225222,-0.0846386744542,-0.128908827738,0.0,418.12361770576365,418.4077770143335,417.8269425825616,418.46113820958084
4.379999999999995,5.99975464304,-4.44089633834,26.0094170056,6.07463611131,5.90036681074,0.0,5.53290990959,-3.46814441502,5.12129907351,-0.0605508195266,-0.123357577001,0.0,441.8416250492046,442.28437540313706,442.146862206617,444.1228246226033
4.439999999999993,6.33728154438,-4.65226244706,26.3133920265,6.07091063828,5.89380308545,0.0,5.7182712423,-3.57770408646,5.01088628502,-0.0653635518112,-0.0904921653669,0.0,435.26267149619656,437.99383335601283,435.02518282180137,434.6190035797001
4.499999999999992,6.68767272861,-4.871139479,26.6147121638,6.06684905179,5.88785260147,0.0,5.96134734636,-3.7184246353,5.03191026184,-0.072812046753,-0.128656843955,0.0,482.2683968780964,479.36779029517385,481.54118967292527,480.97418419362265
4.559999999999991,7.05093330717,-5.09762630454,26.9130501084,6.06235907123,5.87996462961,0.0,6.14765717278,-3.83149382112,4.91230973769,-0.0792140239675,-0.137770486676,0.0,435.77481029267653,434.995738000217,436.93011510229735,436.39137071471805
4.6199999999999894,7.42658348732,-5.33155886007,27.206739446,6.05762454499,5.87152874967,0.0,6.37420586728,-3.96654993031,4.87626302758,-0.0783055096303,-0.146947789612,0.0,465.19743234347897,464.46053847009057,467.28945416112435,467.3556486807684
4.679999999999988,7.81493153469,-5.57317397949,27.4959691085,6.0534883752,5.86231757009,0.0,6.57106621248,-4.08761787929,4.76415079064,-0.0548072473821,-0.171781169666,0.0,442.7323446208623,440.66067640429395,441.6882883989385,443.6187666160612
4.739999999999987,8.21608905219,-5.82258138821,27.7803492811,6.05047969875,5.85200937328,0.0,6.80116266013,-4.22611741268,4.71405878122,-0.0421560800766,-0.171847474603,0.0,465.24986471896386,465.21778418077355,464.85005579744563,465.83917088423476
4.799999999999986,8.62914843953,-6.07934464056,28.0573616844,6.04827341881,5.84180922894,0.0,6.96800513175,-4.33296619713,4.51965036749,-0.0277368020579,-0.166551074163,0.0,415.13211960502014,415.56683984199503,415.46774324069315,416.7297435158169
4.859999999999984,9.05384116146,-6.34332521852,28.3258158883,6.04643202642,5.83153797236,0.0,7.18871957031,-4.46650836622,4.42798240445,-0.0373678287592,-0.182588679947,0.0,454.514163070046,453.1988483408669,454.00091960599167,453.2269574931426
4.919999999999983,9.4912181266,-6.6150452749,28.5873534589,6.04406531871,5.82078566432,0.0,7.39091324386,-4.59104284135,4.28934894423,-0.0439608155941,-0.173184487317,0.0,438.8200057244804,439.56872678991175,438.8858640376404,438.3373136536179
4.979999999999982,9.94120335895,-6.89447286039,28.841230682,6.04197177453,5.81023342471,0.0,7.60888878953,-4.72339865307,4.17244137116,-0.0211102932986,-0.18186195199,0.0,448.4046391892716,447.669301199196,447.6286934076695,449.4843539152613
5.0399999999999805,10.4036701411,-7.1815688752,29.0866931059,6.04032234945,5.79910778751,0.0,7.80706728734,-4.84667688608,4.00917802205,-0.0450066371114,-0.193716710418,0.0,432.9117058001878,431.87808735546923,434.7546278975701,432.74676253679485
